-0.314890961124293
0.658743756015299
-1.14004916456584
0.190684407506757
-1.03369493345302
1.51276133304279
-0.791211904032861
0.762227101140071
-0.756963537299313
1.87459142925636
-1.83099240379675
2.12751045330006
-0.844235243961355
1.92435673296065
-1.31152225319561
2.00243033204452
-0.90174365322807
1.35606316714038
-0.441953494112519
1.42137352631608
-0.223170518558504
0.879907186292519
0.260048177896184
0.727564090754136
0.0257668876260824
0.889282705855373
0.203913408972983
0.873002924662406
1.02695379535019
0.356992269287465
1.34155000745364
0.572455069607902
0.928024152235419
1.37525968372383
-0.237584407923653
0.398680490737161
0.244110705251127
-0.539797508153408
0.878254724007882
0.574161913432397
0.146484034094382
0.44088256503663
1.27681451130111
-0.0513261478862913
0.999176240654279
-0.339721069242097
0.397250516489303
0.697689756261465
0.832972300915117
0.637793966564436
1.19079396579793
-0.814749765429806
0.868988539858408
0.0432083588407416
-0.111943862074721
-0.0476134538871467
0.124589197327573
-0.181837997785166
0.742078190602409
-0.354756665398906
0.448545620720536
-0.204321913203132
-0.0735591388206673
-0.0455286685488765
-0.531971029310602
-0.201047992884231
0.783275166284352
-1.24902217887019
0.36743760618001
-0.54153601842147
0.56461562545332
-1.16439022361078
-0.395061410645321
-0.308597192167639
0.248311545881978
-1.34438051316552
0.0178709796272188
-0.741640124453919
-0.414903854191413
0.0104367278429968
-0.8256897357565
-0.890127019023812
-0.441601890561912
-0.450784971735611
0.296090472875519
-0.841411011310258
1.17648661083184
-1.20436023088041
0.473835675774319
-1.35510034461
0.255639432018112
-1.67610784906528
0.000589465016920032
-0.950926376950922
0.489003828586564
-1.15829407502228
-0.0334342017050772
-0.241859096724287
-0.504400748175385
0.255438103477261
0.185148884068079
0.311930937084627
0.196461275039664
-1.24555031977644
0.242672799133133
-1.14371274677446
0.199167566687414
-1.33950263070925
0.526234148934144
-0.536556230383843
-0.265923462395382
-1.27620022274257
0.418948831729407
-1.35337704707386
0.865919271303368
-0.862683012279449
1.12172792838459
-0.620451667641183
0.487699603155263
-0.423188943475297
-0.49035024460536
0.0430723406769412
0.671717912701405
0.221358503252023
0.431433689396465
0.261621467373228
0.299800448824357
0.190547654607048
0.376343445465185
0.757818709676896
-0.323108144499593
0.855092462865888
-0.571789187779612
0.736482554156618
-0.559727378360542
1.14251651022987
-0.769824119633987
1.167002802526
-0.221361570401073
0.329206043664185
0.0887075566863018
1.02119941424182
-0.743470752451525
1.06668456807357
0.16130748362201
1.77838268242729
-0.52521858589794
0.810872651559714
0.724894686482463
0.691564398219984
-0.00829594144292622
0.943217894033682
0.0888646329072412
1.45426225142555
0.316582408182288
0.742294749693693
0.184573140711145
1.21545991967816
-0.396241837145351
1.30966199929881
0.576138897099093
0.161768737794512
0.65758934734884
0.269693175921189
0.384388093179961
-0.375852749982684
1.56056239498535
-0.0676988440949114
1.14128643000186
0.799204625300834
1.03731686267027
-0.206766392471625
-0.17183586212051
1.30048762157303
0.142717561981422
0.460103082352425
0.759759717586836
-0.247033410199505
0.526187615011011
-0.787610094347795
0.747431102004017
-0.501236163084164
0.372599356085593
-1.26031711107265
1.76246709622171
-1.05505996011825
1.88647665946697
-0.866657232176172
0.406832211454588
-1.21327215236422
0.314407108989011
-0.234865608240345
0.703007583182918
-0.128955931928165
0.366083189300336
-0.683761142564898
0.0679335872646532
-0.911330722335079
0.541527967716516
-0.455205127491807
0.374109651572239
-1.08312188053396
0.551589272567398
-0.744720632819111
0.85898939674093
-1.10104656447854
0.605875984039885
-1.29858830915284
-0.128716256291139
-1.36308715000408
0.479755826906698
-1.05541632314776
0.231166146053357
-0.782218507892336
-0.889772931709931
0.00330460620287698
-1.44100174771927
-0.0708040847222013
0.00225475942607078
-0.478252507649576
-0.725665917720287
-0.258145244677391
-0.722820503074031
0.418725975199785
-0.674315938770593
-0.648755181640454
0.454088207234784
-0.762220897308788
0.242735571878099
-1.5692228618246
0.184844616015444
-0.768317252906776
-0.00355956793531342
-0.844497122060635
-0.669778988027131
-0.714959522582057
-0.31568121844262
-0.771689439283297
-0.222752820791279
-0.807871186465024
0.627044969180154
-1.0898800735724
0.584808745906083
-0.0216616995536983
-0.41405320069492
-0.403915296647093
0.00193848504016875
0.0784190249761717
0.203331094363425
-0.73574090886303
0.618686602133244
-0.929051773501978
1.04866064030366
-0.641776909407079
1.71814137374194
-1.03512532704191
0.988700952406892
-1.58522585159763
1.09038408660521
-1.06453704289098
1.61791875128768
-0.962983023722176
1.34311663009072
-0.817777937939222
1.4825603356902
-0.492831339354061
0.896068229837382
0.601164556163769
1.07210201667979
-0.656249734376772
1.52093752921776
-0.77070647018906
1.72182419805148
-0.113988398164215
1.39717272911694
-0.117542705169324
1.07106649336362
0.86878351196232
0.177668477186742
1.02750166332782
0.167575339280893
0.899362242953439
0.41962564996863
0.961038308537477
-0.0632002035101354
0.449516638155518
-0.399420862256606
1.08587976545055
-0.73495139607901
1.98669062042075
-1.21429943310067
1.53749458927649
-0.0963045492756371
1.43270419535028
-0.624138038784566
2.00685593325467
-0.0709620058166018
1.04180019634619
0.20540609465887
0.542595121865706
-0.529725344403821
0.489847669095572
0.163947753141143
0.199716752066812
-0.206984546861202
-0.25204997343
1.11646261287804
0.089587919769315
-0.0847961303761113
-0.802152215692395
0.68297438843765
-0.0704412322201033
-0.846338305706513
-0.28511673495952
0.639407358536414
-0.619774098958448
0.119526176353701
-0.648857948876169
-0.0925377210222808
-0.768127979207713
-0.0411164338516215
-0.424880126355471
-0.0848008311382805
0.272122644102596
-0.351643879847685
0.532144887672419
-1.38860875262547
1.14589102228255
-2.06507230475229
1.37227529178854
-1.42583455461817
0.916306179092573
-1.68682825183814
-0.248549036075214
-1.33512822140382
0.136636575261742
-0.873945340692116
0.481492450256223
-0.519325670327846
0.179952311944757
-0.123687743554181
-0.92317043995944
-0.43076933758344
-0.649231847047441
-0.446644168452614
-0.846021211870518
0.0729369505244109
-0.743556431403988
0.899551267558919
-0.976539040047087
0.616602638246508
-1.76459075254397
0.30997551813727
-1.10265796324206
-0.0275239212060808
-0.965148784376821
0.334474485476907
-1.85351494408914
0.454749441402703
-1.30475455432681
0.90324329442898
-0.987539399868828
0.810036369478098
-0.833181685649406
0.995248268962048
-0.171578418244248
-0.202849632172921
-0.160838594564407
0.30594223646845
0.193095894378508
0.178383562845852
-0.612215078090108
0.790907051697133
-1.57039287233179
1.0641152118713
-1.74584647035035
1.21116056041914
-1.84466214765239
2.17144406046116
-1.67413535869097
1.58763565108257
-1.41559558060803
1.61950362537732
-1.55211577052976
2.09231194489665
-0.741422976717745
1.36555024381508
-0.950356433442255
1.41592393456428
-0.932130873936684
1.46690406276526
-0.862715637174222
1.23545201358675
-0.603620886921306
0.880944480743447
-1.07876900008138
1.63843912790217
0.195394135826894
0.856756369766531
0.396855080516442
-0.121641133707169
0.68776599397666
0.11531028574768
0.602071323476461
0.462980405541112
0.184567919178944
0.939383874169238
0.683076747015335
-0.120933106810412
1.02337076467603
-0.748939164176244
0.370452321255509
0.430397702966114
0.137290640798122
-0.519273134938166
0.255520095960431
0.871953567583412
0.830913495117086
0.51631287257564
1.21670524188207
0.5235978013446
0.00911079327997144
0.782811127803152
0.0834532521230059
0.794030481225079
-0.374193838840571
0.0241101378863107
0.961849396911157
-0.766412516267367
1.03837172965118
-0.99953942878794
0.907070278523035
-0.4609985672153
0.741378800483608
0.439232039171191
-0.176254537829891
-0.286211780526717
0.570457109057588
-0.0108177336032713
-0.251943790884637
-0.203529502892457
1.02701158446392
-0.491994451331223
0.189221687986039
-0.469543094026524
-0.201120843733837
-0.21237380425244
0.539972301950751
-1.10719650454954
0.276499262789727
-1.27247199641936
0.138238687737747
-1.090730228132
-0.241676948582328
-0.845564836625335
-0.232594749997771
-0.820191675686418
-0.401569812174448
-1.18562334948606
-0.00230587941154664
-0.597715330633356
-0.0359200991339083
-1.81347886818366
0.471030042098629
-1.51867850908362
-0.0962072550230123
-1.2624510079748
0.288564838458047
-0.970260537882423
0.360985668904984
-0.972657558718494
-0.0827215513718876
-0.730430950507741
-0.257250017522734
-1.19188833753028
0.400037871619587
-1.03044859649499
0.942862372323446
-1.54995967703919
0.824146772092587
-1.54507439580132
0.0975074060694903
-0.408980195351085
-1.42015559712495
-0.288904324457317
-1.4753118794078
-0.0240158987647076
-1.4287372469302
-0.159704890149265
-1.49393055977203
1.00733632117202
-1.24514126276231
1.37982669864412
-0.965263371252192
0.487112990423929
-1.12256392380521
-0.556975534873137
0.119055974405129
-0.125878570084876
0.567538293152345
