68.4
69.45
85.5
91.55
67.6
63.65
83.7
78.75
78.8
55.85
58.9
68.95
79
90.05
103.1
84.15
80.2
90.25
85.3
107.35
89.4
75.45
70.5
74.55
69.6
89.65
81.7
71.75
76.8
83.85
69.9
90.95
91
85.05
72.1
73.15
67.2
88.25
77.3
98.35
83.4
100.45
72.5
66.55
73.6
71.65
83.7
78.75
87.8
68.85
88.9
96.95
81
90.05
115.1
91.15
81.2
106.25
81.3
63.35
86.4
89.45
94.5
66.55
64.6
101.65
132.7
103.75
104.8
84.85
73.9
86.95
74
78.05
84.1
82.15
79.2
60.25
94.3
76.35
68.4
68.45
78.5
74.55
79.6
87.65
92.7
91.75
58.8
69.85
89.9
101.85
96.7
52.75
69.7
69.95
78.2
85.75
92.4
85.95
91.1
78.75
78.9
68.75
62.6
55.55
74.1
69.75
67.5
73.65
70.9
91.65
104.4
101.65
121.7
97.85
84.6
62.65
53.5
43.95
85.2
91.25
88.7
103.35
96.4
77.95
81.4
74.05
61.2
56.75
73.5
58.15
83.9
89.35
108.3
94.15
97
58.95
84.7
93.75
91.4
90.55
70.6
83.45
79.5
82.85
94.1
82.45
55.5
63.65
52.5
98.75
87.9
86.85
85.6
67.35
84.5
97.25
96.9
96.15
97.9
89.35
89.6
104.05
62.8
87.95
66.4
79.65
92.6
92.25
97.4
86.65
73
87.65
102.4
95.55
86.2
43.55
45.1
75.35
99.5
93.65
108.3
99.35
111.6
119.05
94.7
71.95
82.7
72.25
78.5
71.95
80.6
99.35
83.1
85.65
83.8
85.95
81.6
115.55
105.2
73.55
70.8
64.05
87.2
80.35
89.8
104.55
100.8
88.65
92.8
81.25
62.7
87.75
71.6
67.75
76.3
79.05
93.2
102.55
93.1
84.45
88.8
96.05
80.4
72.35
86.2
93.85
98.7
88.65
89.3
93.25
102.4
97.85
64.1
79.45
87.2
45.95
58.1
63.65
92.7
109.15
107.3
95.85
93.7
93.85
96
73.45
42.9
61.55
75
76.05
88.4
97.45
89.3
94.65
105.5
95.65
95.9
97.15
70.6
69.95
59
62.75
70.8
90.15
100.1
73.15
88.1
121.45
88.5
90.45
65
69.95
67.9
67.05
82.3
98.15
89.9
92.65
99.6
88.45
89.3
110.95
96
71.05
78
71.15
79.5
85.75
92
97.65
105
85.35
90.4
75.85
86.1
64.05
88.7
72.25
66.7
87.15
103.3
80.95
74.4
75.65
64.4
80.65
101
87.15
48.3
76.95
87
87.15
95.6
81.95
107.6
100.35
82.9
71.75
100.8
78.75
86.9
66.25
78.8
100.35
98.1
93.95
113.1
94.85
95
94.95
77.5
58.45
75.9
62.65
74.3
83.25
91.1
83.75
90.5
97.95
104.6
89.05
60.3
66.25
61.2
66.85
77.2
92.85
86.2
95.75
79.7
85.65
75.5
84.75
100.8
104.65
113.9
82.15
90.5
95.75
77.4
85.35
98.3
106.05
80.4
75.05
98.3
76.95
75.9
64.25
82
90.45
79.6
63.75
57.7
65.35
86.1
81.55
52.8
73.35
66.3
59.25
71.9
81.95
103.4
112.85
84.4
86.85
95.8
59.65
56.4
67.55
58.4
60.85
69.6
82.95
91.5
95.85
81.2
65.25
93.3
78.55
54.3
54.55
63.4
69.55
86.4
94.85
83.5
88.25
106.6
99.15
107.9
85.25
109
98.15
105.8
91.85
87.1
97.35
105.7
91.15
96.2
86.05
90.2
120.05
108.9
91.85
74.7
92.75
87.3
86.05
79
92.15
85.3
87.95
91.1
93.15
81.9
97.15
100.1
87.35
96.1
97.75
96.6
85.25
94
81.15
94.2
88.15
103.3
74.35
97.1
75.25
89.2
88.85
98.1
99.85
84.5
72.85
69.6
52.85
37.5
61.85
87.9
69.25
77.8
84.85
78.9
77.15
95.6
91.65
93.8
96.15
80.1
81.45
80.4
73.85
85
93.65
95
102.75
116.7
105.05
100.4
111.05
111.3
92.75
87.3
87.35
96.3
92.15
108.5
77.45
88.3
92.85
114.2
95.05
