-0.175735011502784
0.618426203486723
0.0355010586653638
-0.978922744456042
-1.88605412051848
-0.944992973488784
-0.086350736339512
0.0750488400765817
-0.216387090436023
0.619884989592917
-0.18819402417736
-0.162545948045855
0.288567578012873
0.820872903522605
0.381071884594576
0.318229996110487
0.239746555634213
-0.110455595633353
-0.133516964916728
0.1048658112251
0.350293554044655
0.112120270182939
0.234741027041903
0.176413676669279
-0.121975021048846
-0.134529057442493
-0.0342233423889181
0.13872577470594
1.00480405785875
1.04396805833025
1.36355091616431
1.52821607715367
1.28176091665855
1.80698099650412
0.952819246409849
-0.433589788561558
-1.02844284454677
-2.100174461761
-1.80893127513904
-0.431445526107405
0.0486868803806532
0.175897999372827
1.08614995140246
1.07051471445881
0.863303680556297
0.174209455900217
-0.728300762298519
-0.279482465003854
0.668069978290336
1.44880868453871
2.26483083564388
1.13201426327179
0.0541345102508611
-0.0633967547335345
-0.709072182832326
-0.969037326004686
-0.813117781198922
-0.664387511063985
0.177427995097037
0.508736664272415
0.524409034616027
0.465390000579576
-0.0516271596406342
-0.219049029164894
-0.706336340150028
-0.992752576080599
0.199437953875267
0.0495916493597037
-0.235310460001473
-0.0721555400335246
0.422619414681987
0.127234500903013
-0.885063744326594
-0.85357122341831
-0.035707686202727
-0.314126191037813
-0.596973240635581
-0.438218261260203
-0.57573603276034
0.12830843343411
0.1764340370254
-0.591276584716868
-0.853442745376788
-0.579599505636406
0.544379252734372
0.924174340182901
2.08215309506033
2.09841402129869
1.51556394271143
0.569945749306741
-0.0843567622376785
-0.842247639172861
-1.19970726967543
-0.71187686018704
0.388044361606439
0.848339298833281
0.646409942258672
1.05619584856812
0.805440162850121
1.15941707331107
1.9417330569471
2.5674230076902
2.86973600350176
1.32268710488065
0.266050814790009
-0.511110091040908
-0.612064762074933
-0.781663647727117
-0.286624943535847
0.676196516965606
0.636365043437465
-0.34876260609248
-0.477915371644966
-0.784664578408037
-0.208475549512969
0.468551820849524
1.35747518023626
1.826175985165
1.4633135735181
1.0466337714608
-0.247891546815439
-0.628017696359183
0.330644701724691
1.35350309742759
1.84718245723261
1.9132098289065
1.5648825817966
1.09787868601573
0.820787549018245
1.22820266570493
0.841291734232917
0.762850663208912
0.239929165523544
-0.0623796299977289
-0.387204954358969
0.00331958757867343
-0.06302088509733
0.109697737608652
0.474499995732289
-0.0015123669539864
-0.169928400037726
0.351656082822528
-0.133817208502411
-0.277984013533507
0.242860873122537
1.49055555551591
1.49041628138781
0.553328494244966
0.745652949841514
0.809309047500593
0.2855956016776
0.186319729249505
0.127792508654165
0.7865940038622
1.35724189599943
1.12798372900746
0.626614419136752
0.706297082866034
0.158570195164812
0.132873200606433
0.942819429818709
0.557897333535721
0.381780590722453
0.194146242731911
-0.0655935863546899
-0.837255930763257
-0.0492411888542152
0.740125824377653
1.17035231300398
2.04162814350284
2.42909289312293
1.56510533837928
-0.287247239112105
-0.0693863285535414
0.572405877666458
0.694022004402592
1.32339509920222
0.933567931394069
0.509331366551028
-0.463248312712952
-0.642198293869937
-0.444643442599694
-0.303494670449179
-0.978933856981334
0.102320411080945
0.823837949571937
1.85460442101937
2.26082480346519
1.18480420086393
-0.222784569316568
-1.10518646663907
-0.547788595497345
0.669816321912357
1.72627425016194
2.07592969415913
1.4571787460806
0.645521436652642
-0.212193078786352
-0.0236539066622861
0.676799219311434
1.30221375247636
0.990703131099081
0.958089956122615
1.04213756736088
1.63899317538867
1.57661581865813
1.4564900966685
0.919961012977063
0.0494302804726962
-0.657693391537127
-0.235763004630072
0.422875315512783
0.92617136203277
1.31812680098717
0.42774276833539
0.491074930630479
-0.117901142213556
-0.289715386946267
0.927650794655198
1.50233008937958
1.18887040385658
0.93679847079636
0.618416392065452
1.19246763432201
1.59161333212515
0.933217443312317
1.44830831524692
1.53144428763923
1.5851494935097
0.589554281360161
-0.0236826026600357
0.199736284234767
0.475175335978652
0.598886820868092
0.0146359503974399
-0.374051191465296
-0.308142734741932
-0.251018978685855
-0.0327431176335828
-0.0230611552132578
0.830771149473033
0.920777228206441
1.02102822197484
1.7757461749577
1.3008885577145
0.518433753659605
0.220869495959974
0.553320238058222
1.11076866261618
0.6702233886996
0.727294034263834
0.309478530367198
0.642523605618102
0.935053029543117
1.99844241759068
1.98621992560832
1.35865585294665
-0.0870278837019832
-0.741055532907353
-0.773866329477566
0.235158287327236
0.869212839549339
1.20518717298592
1.07921834022564
1.16507990593645
1.2274042863404
0.870626938979891
1.5252326545208
2.16981146891344
1.32228947937786
1.15668866992896
0.608076459449272
0.813111800356767
1.41179551558079
1.77102142632132
1.77686847446871
1.45325872670746
2.01249750348699
1.54184587533229
1.46652597828659
1.2326130242846
1.12524597200713
1.26031206826555
1.52237295591592
1.18924413052864
0.513623827711327
-0.367457787160531
-0.141680240768816
-0.263272573549165
0.915900681511209
0.972926549846884
0.860502785065
1.41071503775755
1.87725239729335
1.54207625011591
1.98075184479832
2.53812131486629
2.24698355781202
2.12413289646769
1.56728351385032
0.514554472099899
-0.068063245857013
0.333596337923963
0.647280712770947
0.630552653562077
0.155485169112573
1.13705727905797
2.10959099767645
1.77749634339314
0.466319516537645
0.264237378826579
0.902327144683736
0.220964138762937
-0.339152126715912
0.663535524764933
1.16003882474746
1.21719410531162
0.97529892262336
0.619070814784241
0.248445513381684
0.227679222195448
0.626382045538491
1.0239056772662
1.99281643886277
2.31128732459328
2.76417511795133
1.78689740152916
1.86032998023563
0.990994278143674
1.16055711284859
1.65015969705021
2.01662983259975
1.74907770549348
0.569883789902437
-0.0743195432765302
0.121438256766197
0.873494256011134
1.98734995501084
2.924087032581
3.18112538103199
3.42555822751094
2.33661946694546
1.29433079061177
0.816720140438056
0.777185042083858
0.775716077080346
1.43588046485819
1.91798218058415
3.12347501064622
3.40580770646967
3.33377756240963
2.07009113498076
1.05474175375726
0.876366360484944
0.854416904362397
1.06618565491981
1.68846996500529
1.07670478835935
0.885184359337465
0.956755942515114
1.73879216097703
2.38856346464034
2.84831504807549
2.91806758986654
3.12614244103532
3.62030186913543
2.82297203861395
2.17088022331426
2.1303833817566
2.56929128880183
2.85365721727992
2.19045477768612
2.27214257516174
1.17243114774179
0.997993505210824
0.444633056628205
0.673576286054503
0.465213643318735
1.6400428965416
2.1561305226435
2.24771612848198
1.93708098870312
1.90248586815917
1.39859381075287
1.86085193752455
2.6295321002321
2.75995639094555
2.25684697048095
1.99007741024004
1.55535055389655
1.62117429704219
1.54541967878726
1.54770806134882
1.56245713476946
1.39144403251686
0.622875402049782
1.02365438925809
2.36693991517199
2.7815547413535
3.03048706712693
1.96508605073631
1.45270055083294
1.25492124986266
1.32487810708015
1.78253134768998
1.73234153802934
2.16005479258981
2.79639129118774
2.19633045030825
2.08046245871281
1.17524125464534
0.204824143831019
0.684736643527741
1.03744592444171
0.548238871260085
0.293780140384578
1.41170136205549
2.8467844214632
3.51144682036343
4.1141879038706
4.17840107917344
2.94987985815915
2.31198134421776
1.96091917239867
2.11967584957586
1.89176867772075
1.18241729637214
2.00808021961583
1.83534639969182
2.10285256297208
1.76965661311128
1.67640723063441
1.97547551602786
2.2790062556639
3.32375885637034
3.14185927462698
2.27998091113485
2.2894781966096
2.62737337331796
2.32502750704014
1.97625736713168
3.0103687679682
3.45750998530464
3.14540792098227
2.70027346194429
2.04563006207015
1.95830033855429
2.81839178455881
2.63638740644747
2.42492240848977
1.85989456114776
1.57664455574408
1.54048196044763
1.43200262271723
1.61751143545592
1.87136628844437
2.06282847564019
2.07167995162376
1.64387644680784
1.81691661246597
2.4632115617369
3.0463883746442
2.13686337051153
2.04609423757164
2.01009795976448
1.82501446438135
1.84851559745198
2.40113855275873
2.97482258117816
3.54866164254699
3.67934512050081
3.31841865864016
3.10113995212698
2.83719700472853
2.22893000037151
2.61090589059801
2.96523406692189
3.99100781502188
3.88544499285732
3.79839423914698
3.29264217203876
2.45965549836415
2.87852492922206
1.83622605506155
1.44772688722582
0.962856694099277
1.21356366019174
1.37041338537697
1.5384255498847
1.37436087737619
2.48706976508215
3.20807220907953
4.24252490954488
4.68304601874635
4.09073127265581
3.10311936810685
1.43815900787465
1.59681957075094
2.32955982897367
3.59921773668174
