306.0
295.0
252.0
266.0
249.0
269.0
268.0
270.0
272.0
277.0
307.0
269.0
244.0
253.0
250.0
269.0
248.0
251.0
254.0
258.0
268.0
258.0
253.0
247.0
276.0
253.0
270.0
251.0
239.0
245.0
272.0
272.0
254.0
237.0
261.0
275.0
258.0
255.0
261.0
245.0
251.0
260.0
273.0
273.0
262.0
267.0
259.0
281.0
229.0
239.0
258.0
231.0
253.0
250.0
274.0
253.0
266.0
266.0
280.0
235.0
237.0
242.0
262.0
277.0
245.0
260.0
250.0
266.0
259.0
258.0
278.0
246.0
237.0
236.0
221.0
226.0
253.0
250.0
251.0
252.0
251.0
257.0
290.0
264.0
259.0
257.0
240.0
250.0
262.0
244.0
284.0
271.0
279.0
272.0
255.0
269.0
253.0
254.0
227.0
239.0
243.0
260.0
260.0
281.0
262.0
245.0
277.0
310.0
279.0
276.0
286.0
274.0
264.0
271.0
262.0
253.0
262.0
280.0
289.0
284.0
290.0
307.0
270.0
265.0
256.0
262.0
263.0
266.0
239.0
256.0
254.0
281.0
284.0
292.0
288.0
265.0
246.0
255.0
289.0
275.0
272.0
269.0
259.0
266.0
270.0
264.0
269.0
251.0
258.0
257.0
267.0
272.0
275.0
267.0
296.0
267.0
243.0
243.0
250.0
266.0
248.0
260.0
266.0
289.0
290.0
298.0
269.0
289.0
304.0
282.0
253.0
252.0
261.0
269.0
269.0
280.0
269.0
269.0
250.0
212.0
275.0
261.0
233.0
240.0
235.0
262.0
269.0
255.0
273.0
263.0
264.0
247.0
242.0
235.0
238.0
235.0
247.0
266.0
266.0
264.0
254.0
256.0
261.0
270.0
232.0
237.0
259.0
244.0
238.0
260.0
279.0
243.0
240.0
265.0
257.0
255.0
283.0
264.0
241.0
240.0
220.0
240.0
247.0
253.0
253.0
273.0
261.0
274.0
274.0
257.0
245.0
241.0
250.0
261.0
282.0
276.0
261.0
272.0
250.0
222.0
240.0
242.0
233.0
241.0
230.0
239.0
251.0
252.0
257.0
269.0
268.0
282.0
270.0
263.0
270.0
244.0
242.0
261.0
267.0
248.0
246.0
246.0
233.0
255.0
232.0
253.0
243.0
241.0
235.0
247.0
248.0
242.0
262.0
258.0
258.0
260.0
208.0
241.0
233.0
237.0
243.0
244.0
264.0
279.0
274.0
238.0
266.0
276.0
253.0
289.0
281.0
224.0
223.0
264.0
270.0
266.0
249.0
248.0
262.0
224.0
217.0
268.0
272.0
227.0
241.0
249.0
260.0
249.0
257.0
257.0
272.0
274.0
265.0
251.0
243.0
237.0
243.0
271.0
269.0
258.0
253.0
256.0
264.0
260.0
278.0
264.0
244.0
237.0
231.0
242.0
247.0
244.0
248.0
270.0
252.0
268.0
276.0
232.0
223.0
226.0
234.0
231.0
256.0
265.0
252.0
264.0
250.0
233.0
227.0
268.0
264.0
258.0
249.0
243.0
248.0
247.0
267.0
274.0
264.0
277.0
276.0
226.0
232.0
240.0
240.0
233.0
240.0
257.0
257.0
263.0
241.0
253.0
250.0
258.0
238.0
234.0
239.0
249.0
265.0
253.0
256.0
244.0
254.0
274.0
256.0
237.0
241.0
214.0
222.0
238.0
259.0
252.0
239.0
251.0
235.0
266.0
271.0
252.0
248.0
264.0
249.0
239.0
253.0
243.0
249.0
261.0
253.0
246.0
258.0
265.0
283.0
270.0
232.0
237.0
257.0
258.0
254.0
246.0
256.0
244.0
251.0
252.0
235.0
235.0
237.0
246.0
255.0
255.0
263.0
266.0
244.0
229.0
234.0
245.0
255.0
237.0
263.0
237.0
245.0
272.0
270.0
239.0
248.0
261.0
240.0
237.0
226.0
235.0
237.0
252.0
274.0
261.0
241.0
253.0
250.0
231.0
262.0
288.0
247.0
246.0
248.0
244.0
261.0
266.0
264.0
254.0
267.0
275.0
254.0
254.0
241.0
240.0
233.0
251.0
257.0
274.0
260.0
249.0
239.0
222.0
257.0
232.0
221.0
226.0
236.0
254.0
250.0
251.0
256.0
235.0
250.0
249.0
276.0
293.0
231.0
222.0
239.0
239.0
258.0
260.0
256.0
235.0
269.0
275.0
249.0
256.0
228.0
249.0
226.0
243.0
258.0
251.0
243.0
256.0
271.0
265.0
240.0
283.0
264.0
241.0
250.0
255.0
249.0
235.0
253.0
247.0
261.0
247.0
236.0
265.0
236.0
221.0
235.0
251.0
252.0
254.0
262.0
268.0
278.0
251.0
243.0
215.0
231.0
228.0
248.0
247.0
256.0
232.0
254.0
246.0
248.0
231.0
228.0
207.0
241.0
252.0
236.0
236.0
238.0
252.0
240.0
230.0
232.0
242.0
244.0
213.0
223.0
232.0
232.0
234.0
240.0
243.0
252.0
250.0
252.0
244.0
262.0
235.0
225.0
215.0
239.0
242.0
248.0
255.0
252.0
262.0
252.0
280.0
285.0
273.0
239.0
245.0
228.0
246.0
245.0
254.0
256.0
255.0
261.0
246.0
226.0
225.0
206.0
228.0
239.0
243.0
233.0
230.0
238.0
230.0
221.0
223.0
231.0
228.0
244.0
231.0
222.0
237.0
248.0
247.0
258.0
241.0
234.0
216.0
220.0
244.0
239.0
220.0
224.0
233.0
251.0
253.0
255.0
251.0
265.0
244.0
247.0
249.0
263.0
227.0
222.0
254.0
251.0
239.0
254.0
258.0
248.0
247.0
241.0
221.0
233.0
213.0
224.0
237.0
254.0
243.0
250.0
253.0
252.0
238.0
253.0
239.0
239.0
217.0
231.0
230.0
236.0
236.0
227.0
241.0
259.0
283.0
256.0
225.0
220.0
229.0
229.0
238.0
245.0
261.0
240.0
226.0
236.0
241.0
261.0
253.0
263.0
225.0
228.0
240.0
234.0
250.0
234.0
204.0
224.0
210.0
217.0
213.0
224.0
213.0
220.0
233.0
238.0
250.0
243.0
242.0
255.0
264.0
258.0
257.0
214.0
201.0
228.0
234.0
233.0
231.0
222.0
249.0
249.0
251.0
223.0
225.0
236.0
214.0
219.0
241.0
235.0
239.0
245.0
249.0
230.0
253.0
255.0
207.0
192.0
214.0
215.0
223.0
251.0
246.0
238.0
225.0
216.0
256.0
220.0
227.0
231.0
226.0
226.0
233.0
240.0
251.0
243.0
247.0
238.0
261.0
231.0
226.0
198.0
206.0
231.0
225.0
234.0
239.0
229.0
249.0
235.0
256.0
235.4
252.4
221.4
219.4
206.4
221.4
238.4
255.4
243.4
233.4
230.4
229.8
247.4
231.4
230.9
229.4
220.4
244.4
249.4
242.9
238.4
262.9
247.9
219.4
219.9
231.9
240.4
209.9
222.9
219.4
231.4
244.4
244.4
239.4
225.9
242.4
245.4
240.4
204.9
224.9
233.9
235.4
249.4
242.4
243.4
232.4
218.4
239.4
222.4
222.4
242.9
233.4
219.4
233.9
232.4
241.9
262.9
259.9
261.9
251.4
236.4
272.4
246.4
208.9
219.4
227.4
236.4
243.9
243.9
222.9
238.9
244.9
231.4
206.4
224.9
233.9
215.4
220.9
245.9
243.4
253.4
250.9
245.9
237.8
232.4
245.9
235.9
224.9
231.9
232.4
246.4
238.4
230.4
232.4
230.4
218.1
210.9
224.9
223.4
225.4
227.4
225.9
242.4
232.9
242.4
238.9
226.4
241.9
248.4
265.4
234.4
219.4
217.9
228.4
256.4
245.4
246.9
222.4
231.9
264.9
262.9
241.9
241.9
242.9
221.9
232.9
225.9
244.4
252.4
254.4
267.4
251.4
214.4
211.4
213.9
212.9
230.9
225.9
237.4
235.9
235.9
257.9
228.9
242.9
228.4
233.9
208.9
217.9
204.4
225.4
221.9
224.9
218.4
225.9
237.9
246.9
257.9
234.4
220.4
203.9
217.7
221.9
241.9
250.4
242.4
228.9
228.4
216.4
239.4
268.9
248.4
253.4
229.9
222.9
238.4
260.9
253.4
235.9
243.9
228.9
217.9
222.4
199.4
213.9
228.4
231.9
247.9
248.4
225.9
226.4
242.9
256.4
249.4
255.4
211.4
217.9
220.9
216.4
238.9
245.9
244.4
244.4
222.9
245.4
244.4
245.4
250.9
223.4
213.4
229.9
239.4
243.4
232.4
219.9
217.9
250.9
235.4
225.4
239.4
217.4
227.9
223.4
237.4
257.9
250.9
225.4
208.4
214.9
224.4
255.4
207.4
201.4
216.4
218.4
219.4
235.4
241.4
217.4
213.4
233.4
228.4
228.4
205.4
208.4
218.4
228.4
239.4
252.4
233.4
229.4
239.4
234.4
256.4
238.4
224.4
219.4
223.4
218.4
238.4
230.4
220.4
225.4
232.4
218.4
239.4
239.4
233.4
220.4
221.4
215.4
236.4
225.4
246.4
231.4
248.4
220.4
214.4
221.4
219.4
231.4
226.4
235.4
216.4
236.4
244.4
228.4
237.4
262.4
238.4
228.4
253.4
228.4
210.4
233.4
236.4
241.4
213.4
211.4
248.4
279.4
250.4
251.4
231.4
220.4
233.4
220.4
224.4
230.4
228.4
225.4
206.4
240.4
222.4
214.4
214.4
224.4
220.4
225.4
233.4
238.4
237.4
204.4
215.4
235.4
247.3
242.1
198.1
215.0
215.2
223.4
230.9
237.5
231.0
236.1
223.7
223.8
213.6
207.4
200.3
218.8
214.4
212.1
218.2
215.4
236.1
248.8
246.0
266.0
242.1
228.8
206.8
197.6
188.0
229.2
235.2
232.6
247.2
240.2
221.7
225.1
217.7
204.8
200.3
217.0
201.6
227.3
232.7
251.6
237.4
240.2
202.1
227.8
236.8
234.4
233.5
213.5
226.3
222.3
225.6
236.8
225.1
198.1
206.2
195.0
241.2
230.3
229.2
227.9
209.6
226.7
239.4
239.0
238.2
239.9
231.3
231.5
245.9
204.6
229.7
208.1
221.3
234.2
233.8
238.9
228.1
214.4
229.0
243.7
236.8
227.4
184.7
186.2
216.4
240.5
234.6
249.2
240.2
252.4
259.8
235.4
212.6
223.3
212.8
219.0
212.4
221.0
239.7
223.4
225.9
224.0
226.1
221.7
255.6
245.2
213.5
210.7
203.9
227.0
220.1
229.5
244.2
240.4
228.2
232.3
220.7
202.1
227.1
210.9
207.0
215.5
218.2
232.3
241.6
232.1
223.4
227.7
234.9
219.2
211.1
224.9
232.5
237.3
227.2
227.8
231.7
240.8
236.2
202.4
217.7
225.4
184.1
196.2
201.7
230.7
247.1
245.2
233.7
231.5
231.6
233.7
211.1
180.5
199.1
212.5
213.5
225.8
234.8
226.6
231.9
242.7
232.8
233.0
234.2
207.6
206.9
195.9
199.6
207.6
226.9
236.8
209.8
224.7
258.0
225.0
226.9
201.4
206.3
204.2
203.3
218.5
234.3
226.0
228.7
235.6
224.4
225.2
246.8
231.8
206.8
213.7
206.8
215.1
221.3
227.5
233.1
240.4
220.7
225.7
211.1
221.3
199.2
223.8
207.3
201.7
222.1
238.2
215.8
209.2
210.4
199.1
215.3
235.6
221.7
182.8
211.4
221.4
221.5
229.9
216.2
241.8
234.5
217.0
205.8
234.8
212.7
220.8
200.1
212.6
234.1
231.8
227.6
246.7
228.4
228.5
228.4
210.9
191.8
209.2
195.9
207.5
216.4
224.2
216.8
223.5
230.9
237.5
221.9
193.1
199.0
193.9
199.5
209.8
225.4
218.7
228.2
212.1
218.0
207.8
217.0
233.0
236.8
246.0
214.2
222.5
227.7
209.3
217.2
230.1
237.8
212.1
206.7
229.9
208.5
207.4
195.7
213.4
221.8
210.9
195.0
188.9
196.5
217.2
212.6
183.8
204.3
197.2
190.1
202.7
212.7
234.1
243.5
215.0
217.4
226.3
190.1
186.8
197.9
188.7
191.1
199.8
213.1
221.6
225.9
211.2
195.2
223.2
208.4
184.1
184.3
193.1
199.2
216.0
224.4
213.0
217.7
236.0
228.5
237.2
214.5
238.2
227.3
234.9
220.9
216.1
226.3
234.6
220.0
225.0
214.8
218.9
248.7
237.5
220.4
203.2
221.2
215.7
214.4
207.3
220.4
213.5
216.1
219.2
221.2
209.9
225.1
228.0
215.2
223.9
225.5
224.3
212.9
221.6
208.7
221.7
215.6
230.7
201.7
224.4
202.5
216.4
216.0
225.2
226.9
211.5
199.8
196.5
179.7
164.3
188.6
214.6
195.9
204.4
211.4
205.4
203.6
222.0
218.0
220.1
222.4
206.3
207.6
206.5
199.9
211.0
219.6
220.9
228.6
242.5
230.8
226.1
236.7
236.9
218.3
212.8
212.8
221.7
217.5
233.8
202.7
213.5
218.0
239.3
220.1
208.5
217.5
219.2
201.0
217.2
221.3
208.7
227.0
241.6
216.7
223.2
207.7
181.2
187.2
209.8
194.7
196.2
217.8
209.3
210.3
191.8
193.8
249.7
243.4
227.0
197.8
195.9
197.4
226.6
222.5
214.3
230.3
227.6
216.7
216.0
203.8
220.4
208.3
213.2
199.7
203.9
213.9
232.1
233.8
219.2
210.2
218.0
222.9
174.0
177.3
194.7
188.6
193.1
222.2
221.2
227.2
236.3
232.3
227.1
221.3
214.0
195.6
201.1
219.7
207.1
206.9
202.3
213.7
226.4
222.6
243.8
239.9
194.7
191.4
193.1
208.5
208.3
215.4
228.4
211.8
228.3
207.2
225.9
212.2
222.1
195.0
191.3
201.1
205.6
213.1
218.7
230.8
237.7
224.3
223.3
225.7
220.3
200.0
183.4
213.7
202.7
213.4
218.9
198.7
212.5
207.6
214.7
232.1
207.2
202.0
203.1
187.5
207.6
208.8
203.2
212.0
204.2
198.2
177.3
200.8
187.5
167.4
178.4
194.4
205.7
216.8
218.5
217.0
191.5
197.5
223.3
197.0
210.8
229.0
219.6
207.4
221.5
238.0
234.4
222.8
200.0
219.3
221.1
233.2
232.5
192.9
195.7
199.2
209.3
221.5
221.1
235.3
209.8
200.9
215.1
191.6
188.2
183.5
175.2
186.3
190.1
206.9
206.5
201.6
229.8
220.2
209.8
211.2
217.9
169.8
175.5
202.1
201.2
216.1
213.7
220.1
210.5
215.2
227.5
216.1
205.9
192.8
191.5
186.3
194.9
222.7
215.1
211.8
202.8
216.7
213.1
190.2
183.9
216.2
194.3
193.5
201.3
215.2
210.8
222.2
207.4
193.5
214.4
215.6
202.4
237.0
218.9
205.0
206.0
209.5
214.7
209.6
232.1
226.5
235.2
217.3
214.8
213.9
211.5
199.2
188.4
206.0
195.1
187.4
207.9
197.3
194.7
183.1
189.4
164.3
191.7
188.6
192.7
210.1
191.3
206.4
216.6
248.9
201.9
176.3
185.2
187.7
205.7
195.8
197.0
212.6
204.4
212.0
212.3
229.5
216.6
204.9
207.6
194.9
186.7
185.8
191.8
213.8
201.4
206.6
217.8
231.9
230.9
185.6
168.1
166.4
201.6
183.5
200.8
199.8
198.8
199.3
202.0
234.3
226.7
195.6
218.7
207.8
214.8
196.0
198.5
205.2
206.6
208.9
199.1
227.6
238.2
209.9
206.6
167.9
173.5
172.1
204.2
228.1
215.8
202.7
214.9
214.8
244.1
251.8
207.5
190.3
190.9
190.1
197.5
197.1
201.8
204.2
206.5
192.6
220.1
249.6
191.2
181.6
197.0
187.5
195.9
195.7
198.7
190.7
168.5
182.0
213.6
192.6
182.6
191.5
201.2
191.3
191.3
211.5
190.7
203.4
204.0
235.1
202.4
212.9
174.4
193.4
179.6
164.6
188.3
203.2
199.7
235.1
214.3
227.5
192.3
178.4
185.6
189.6
175.0
191.5
186.2
221.3
208.4
218.2
199.3
197.5
216.6
188.2
173.6
162.8
183.5
180.5
191.1
200.1
200.3
206.3
218.3
213.3
233.8
233.5
223.9
185.6
181.2
183.3
200.8
207.3
211.5
195.9
213.9
236.4
233.9
195.6
192.2
194.8
204.3
202.1
188.9
193.2
198.6
213.7
183.6
209.3
225.7
253.4
223.4
199.6
193.5
183.3
192.5
200.2
199.6
210.0
232.9
233.7
215.0
239.9
187.6
166.3
177.0
179.8
192.3
211.4
195.2
205.4
219.7
195.9
197.9
