195
152.05
166.1
149.15
169.2
168.25
170.3
172.35
177.4
207.45
169.5
144.55
153.6
150.65
169.7
148.75
151.8
154.85
158.9
168.95
159
154.05
148.1
177.15
154.2
171.25
152.3
140.35
146.4
173.45
173.5
155.55
138.6
162.65
176.7
159.75
156.8
162.85
146.9
152.95
162
175.05
175.1
164.15
169.2
161.25
183.3
131.35
141.4
160.45
133.5
155.55
152.6
176.65
155.7
168.75
168.8
182.85
137.9
139.95
145
165.05
180.1
148.15
163.2
153.25
169.3
162.35
161.4
181.45
149.5
140.55
139.6
124.65
129.7
156.75
153.8
154.85
155.9
154.95
161
194.05
168.1
163.15
161.2
144.25
154.3
166.35
148.4
188.45
175.5
183.55
176.6
159.65
173.7
157.75
158.8
131.85
143.9
147.95
165
165.05
186.1
167.15
150.2
182.25
215.3
184.35
181.4
191.45
179.5
169.55
176.6
167.65
158.7
167.75
185.8
194.85
189.9
195.95
213
176.05
171.1
162.15
168.2
169.25
172.3
145.35
162.4
160.45
187.5
190.55
198.6
194.65
171.7
152.75
161.8
195.85
181.9
178.95
176
166.05
173.1
177.15
171.2
176.25
158.3
165.35
164.4
174.45
179.5
182.55
174.6
203.65
174.7
150.75
150.8
157.85
173.9
155.95
168
174.05
197.1
198.15
206.2
177.25
197.3
212.35
190.4
161.45
160.5
169.55
177.6
177.65
188.7
177.75
177.8
158.85
120.9
183.95
170
142.05
149.1
144.15
171.2
178.25
164.3
182.35
172.4
173.45
156.5
151.55
144.6
147.65
144.7
156.75
175.8
175.85
173.9
163.95
166
171.05
180.1
142.15
147.2
169.25
154.3
148.35
170.4
189.45
153.5
150.55
175.6
167.65
165.7
193.75
174.8
151.85
150.9
130.95
151
158.05
164.1
164.15
184.2
172.25
185.3
185.35
168.4
156.45
152.5
161.55
172.6
193.65
187.7
172.75
183.8
161.85
133.9
151.95
154
145.05
153.1
142.15
151.2
163.25
164.3
169.35
181.4
180.45
194.5
182.55
175.6
182.65
156.7
154.75
173.8
179.85
160.9
158.95
159
146.05
168.1
145.15
166.2
156.25
154.3
148.35
160.4
161.45
155.5
175.55
171.6
171.65
173.7
121.75
154.8
146.85
150.9
156.95
158
178.05
193.1
188.15
152.2
180.25
190.3
167.35
203.4
195.45
138.5
137.55
178.6
184.65
180.7
163.75
162.8
176.85
138.9
131.95
183
187.05
142.1
156.15
164.2
175.25
164.3
172.35
172.4
187.45
189.5
180.55
166.6
158.65
152.7
158.75
186.8
184.85
173.9
168.95
172
180.05
176.1
194.15
180.2
160.25
153.3
147.35
158.4
163.45
160.5
164.55
186.6
168.65
184.7
192.75
148.8
139.85
142.9
150.95
148
173.05
182.1
169.15
181.2
167.25
150.3
144.35
185.4
181.45
175.5
166.55
160.6
165.65
164.7
184.75
191.8
181.85
194.9
193.95
144
150.05
158.1
158.15
151.2
158.25
175.3
175.35
181.4
159.45
171.5
168.55
176.6
156.65
152.7
157.75
167.8
183.85
171.9
174.95
163
173.05
193.1
175.15
156.2
160.25
133.3
141.35
157.4
178.45
171.5
158.55
170.6
154.65
185.7
190.75
171.8
167.85
183.9
168.95
159
173.05
163.1
169.15
181.2
173.25
166.3
178.35
185.4
203.45
190.5
152.55
157.6
177.65
178.7
174.75
166.8
176.85
164.9
171.95
173
156.05
156.1
158.15
167.2
176.25
176.3
184.35
187.4
165.45
150.5
155.55
166.6
176.65
158.7
184.75
158.8
166.85
193.9
191.95
161
170.05
183.1
162.15
159.2
148.25
157.3
159.35
174.4
196.45
183.5
163.55
175.6
172.65
153.7
184.75
210.8
169.85
168.9
170.95
167
184.05
189.1
187.15
177.2
190.25
198.3
177.35
177.4
164.45
163.5
156.55
174.6
180.65
197.7
183.75
172.8
162.85
145.9
180.95
156
145.05
150.1
160.15
178.2
174.25
175.3
180.35
159.4
174.45
173.5
200.55
217.6
155.65
146.7
163.75
163.8
182.85
184.9
180.95
160
194.05
200.1
174.15
181.2
153.25
174.3
151.35
168.4
183.45
176.5
168.55
181.6
196.65
190.7
165.75
208.8
189.85
166.9
175.95
181
175.05
161.1
179.15
173.2
187.25
173.3
162.35
191.4
162.45
147.5
161.55
177.6
178.65
180.7
188.75
194.8
204.85
177.9
169.95
142
158.05
155.1
175.15
174.2
183.25
159.3
181.35
173.4
175.45
158.5
155.55
134.6
168.65
179.7
163.75
163.8
165.85
179.9
167.95
158
160.05
170.1
172.15
141.2
151.25
160.3
160.35
162.4
168.45
171.5
180.55
178.6
180.65
172.7
190.75
163.8
153.85
143.9
167.95
171
177.05
184.1
181.15
191.2
181.25
209.3
214.35
202.4
168.45
174.5
157.55
175.6
174.65
183.7
185.75
184.8
190.85
175.9
155.95
155
136.05
158.1
169.15
173.2
163.25
160.3
168.35
160.4
151.45
153.5
161.55
158.6
174.65
161.7
152.75
167.8
178.85
177.9
188.95
172
165.05
147.1
151.15
175.2
170.25
151.3
155.35
164.4
182.45
184.5
186.55
182.6
196.65
175.7
178.75
180.8
194.85
158.9
153.95
186
183.05
171.1
186.15
190.2
180.25
179.3
173.35
153.4
165.45
145.5
156.55
169.6
186.65
175.7
182.75
185.8
184.85
170.9
185.95
172
172.05
150.1
164.15
163.2
169.25
169.3
160.35
174.4
192.45
216.5
189.55
158.6
153.65
162.7
162.75
171.8
178.85
194.9
173.95
160
170.05
175.1
195.15
187.2
197.25
159.3
162.35
174.4
168.45
184.5
168.55
138.6
158.65
144.7
151.75
147.8
158.85
147.9
154.95
168
173.05
185.1
178.15
177.2
190.25
199.3
193.35
192.4
149.45
136.5
163.55
169.6
168.65
166.7
157.75
184.8
184.85
186.9
158.95
161
172.05
150.1
155.15
177.2
171.25
175.3
181.35
185.4
166.45
189.5
191.55
143.6
128.65
150.7
151.75
159.8
187.85
182.9
174.95
162
153.05
193.1
157.15
164.2
168.25
163.3
163.35
170.4
177.45
188.5
180.55
184.6
175.65
198.7
168.75
163.8
135.85
143.9
168.95
163
172.05
177.1
167.15
187.2
173.25
194.3
173.75
190.8
159.85
157.9
144.95
160
177.05
194.1
182.15
172.2
169.25
168.7
186.35
170.4
169.95
168.5
159.55
183.6
188.65
182.2
177.75
202.3
187.35
158.9
159.45
171.5
180.05
149.6
162.65
159.2
171.25
184.3
184.35
179.4
165.95
182.5
185.55
180.6
145.15
165.2
174.25
175.8
189.85
182.9
183.95
173
159.05
180.1
163.15
163.2
183.75
174.3
160.35
174.9
173.45
183
204.05
201.1
203.15
192.7
177.75
213.8
187.85
150.4
160.95
169
178.05
185.6
185.65
164.7
180.75
186.8
173.35
148.4
166.95
176
157.55
163.1
188.15
185.7
195.75
193.3
188.35
180.3
174.95
188.5
178.55
167.6
174.65
175.2
189.25
181.3
173.35
175.4
173.45
161.2
154.05
168.1
166.65
168.7
170.75
169.3
185.85
176.4
185.95
182.5
170.05
185.6
192.15
209.2
178.25
163.3
161.85
172.4
200.45
189.5
191.05
166.6
176.15
209.2
207.25
186.3
186.35
187.4
166.45
177.5
170.55
189.1
197.15
199.2
212.25
196.3
159.35
156.4
158.95
158
176.05
171.1
182.65
181.2
181.25
203.3
174.35
188.4
173.95
179.5
154.55
163.6
150.15
171.2
167.75
170.8
164.35
171.9
183.95
193
204.05
180.6
166.65
150.2
164.05
168.3
188.35
196.9
188.95
175.5
175.05
163.1
186.15
215.7
195.25
200.3
176.85
169.9
185.45
208
200.55
183.1
191.15
176.2
165.25
169.8
146.85
161.4
175.95
179.5
195.55
196.1
173.65
174.2
190.75
204.3
197.35
203.4
159.45
166
169.05
164.6
187.15
194.2
192.75
192.8
171.35
193.9
192.95
194
199.55
172.1
162.15
178.7
188.25
192.3
181.35
168.9
166.95
200
184.55
174.6
188.65
166.7
177.25
172.8
186.85
207.4
200.45
175
158.05
164.6
174.15
205.2
157.25
151.3
166.35
