-16.8576735879598
-16.6265405460603
-17.2898996544119
-18.1977694441619
-19.2617677033711
-18.9409682442803
-18.8348876823142
-19.1058766004187
-19.52972820854
-18.7619847318656
-19.5105664968109
-19.3814923029488
-18.9703876860155
-18.42590695725
-18.6413410088942
-18.3978150995697
-18.2460265745624
-18.4172280758359
-18.3625948081209
-18.1517594029896
-17.9225948522115
-18.0771014706318
-17.8396116992948
-17.7970573358791
-17.9861493287185
-17.9584828725244
-17.9011355753928
-17.7788257136408
-16.9113274706275
-16.6476177656849
-15.8558105232717
-15.0731855020097
-14.5614380557594
-13.2526380451278
-13.2602011833537
-13.8472518361818
-14.1054002359544
-15.3758532329265
-15.7776636714934
-15.3980264073985
-15.6738426566407
-15.858904113513
-15.006780708292
-14.7972461691231
-14.5158220870197
-14.6822683478709
-15.2316552996369
-14.7993695336921
-14.0704722452633
-13.2902488328173
-12.064149287287
-12.344875987295
-12.5019485088236
-12.1207340996558
-12.6339120244054
-13.0244529540862
-13.2597267970004
-13.6017618146222
-13.2202407032407
-13.1425735056926
-13.0845293949633
-12.9435940171063
-13.2226787967194
-13.2566196338738
-13.779296622909
-14.2833630861176
-13.5189091575913
-13.9790406169768
-14.3312111021519
-14.2500667070565
-13.8667818598098
-14.1516322808997
-15.0776381452056
-15.1994000087049
-14.8035635303606
-15.4155271847813
-15.8982533047028
-16.0123081827592
-16.4701209618681
-16.0971671067604
-16.2708729563603
-17.0780207699681
-17.4696503477259
-17.5590912491337
-16.86705493331
-16.661092879206
-15.2996270657484
-14.6600057848874
-14.2595730838161
-14.2281471005211
-14.2138781706521
-14.7166410677494
-15.2263719345827
-15.2370401277632
-14.7143590627429
-14.5383339222641
-14.6255662357752
-13.9306976183283
-13.8046710825397
-13.0155935533431
-11.7610446868542
-10.4257410952036
-9.06202654419228
-9.25757442401509
-9.12567453678976
-9.28498325549175
-9.30711787563728
-9.73630696664608
-9.6575797560222
-9.09409571184356
-9.2377078455826
-10.0544686310952
-10.1397295999735
-10.6639231132818
-10.4719071163609
-10.1763409311749
-9.41858942307374
-8.69396102331353
-8.41442867343074
-8.05280338529251
-8.68536645751431
-8.78189173831266
-7.98929467824009
-7.15293173286748
-6.45682019833109
-5.76963231330574
-5.26050669918239
-4.85690750445266
-4.4238042107345
-3.50443376782633
-3.41410380848726
-3.02293498228037
-3.1729337813081
-3.25293605148559
-3.56703326113854
-3.35603845165975
-3.64721366742946
-3.64946197715533
-3.42477817825898
-3.92434778204525
-4.10500221170333
-3.72256365121372
-4.3160489326929
-4.55310280990624
-4.24798303931205
-3.17898676981943
-2.99447603209006
-3.38987569829493
-2.73768460129043
-2.38915847239167
-2.63081225937434
-2.54240055431469
-2.56767718547829
-1.95505431586
-1.33590645889642
-1.24392870646816
-1.27553086551142
-0.829224676905062
-1.1271959567426
-1.03340406333571
-0.259341238579602
-0.571526080114413
-0.558942043832341
-0.636931823242647
-0.885141665064304
-1.76584073201794
-1.33098066029601
-0.966410722043772
-0.668685178806648
0.399999745551775
1.3424395646311
1.39072748805037
0.460808450308306
1.0591447926451
1.59017916486544
1.62384060122426
2.3230141153245
2.1987342440275
2.14489072425706
1.40954756810388
1.14671640464775
0.931931329911671
0.564096026966364
-0.583417254704312
-0.0718696706696921
0.129956923432925
1.01472403369442
1.73563183190272
1.39801454892712
0.720086325500141
0.0660927685131729
0.241607684564426
0.827313953019706
1.52993158186596
2.06202930045702
2.06587057362086
1.95306386861356
1.52901832104741
1.73581010510659
2.19405836757112
2.67492175421311
2.51131213323651
2.77508888509534
3.12921084182853
3.9964855082015
4.33875376752442
4.76836977916019
4.7865331486217
4.33876162399233
3.73130772303496
3.83834266904486
3.99855982768513
4.16236323793089
4.49275397151213
3.80108640985239
4.0393761773096
3.43065217580738
3.0953720601606
3.94181142465588
4.29023850579019
4.15013058299713
4.24131802740312
4.20183378684266
4.91914610312272
5.4697481784104
5.15764914613237
6.0233714801149
6.42750079283344
6.91066577137901
6.40214099726179
6.10257224962526
6.26355466317519
6.28343475923056
6.19108463145613
5.48010395855566
4.89702118021709
4.55127914778413
4.06464272185187
3.72174443562208
3.2177104845939
3.61524841067627
3.43647192468046
3.51053407456599
4.34745521442024
4.15586468262497
3.77051070073889
3.65026740196473
3.87562383166453
4.2451431593066
3.76790068645013
3.85451683259555
3.40690721346596
3.61767981707319
3.74070167670216
4.74298037249315
4.97079251226058
4.88127254776365
3.93250094927543
3.34580878536711
2.82892070106415
3.04846900907215
2.99405281022514
2.99784639371631
2.83795208847945
3.0187183650896
3.20391755799577
3.0053757428413
3.76725711310808
4.56070179261861
4.13166213730526
4.42213246778128
4.13552597914043
4.39877731247523
4.92308722738865
5.32615871122351
5.60014156967963
5.68220179516899
6.62204075415895
6.56880667670627
6.93686947063503
7.04212694464915
7.17800257129075
7.45644952048325
7.83463502206837
7.68603183569781
7.19838639187443
6.30169707634874
6.13657427065446
5.37754547666245
5.86326098049573
5.41863139505568
5.1064151904127
5.5333868281293
5.98426931773683
5.86611644659108
6.61493350356485
7.52811228130307
7.8027156984828
8.35884461394434
8.42915114522467
7.84908340970716
7.36784543081016
7.42940343155769
7.23131269990803
6.79132876888915
5.97589494616325
6.54054096916066
7.17140410132885
6.90794917645734
5.9134954866393
5.77079971202563
6.08530551588485
5.04954147606673
4.11398690710802
4.48348171995431
4.35482259795628
4.08589527182875
3.7151956431448
3.24921105709397
2.65172150970942
2.22038046036178
2.07189955337182
1.95361656954642
2.57214164103799
2.8598924929628
3.63217877887035
3.23033934872195
3.84786666720665
3.32916611340112
3.62884809426783
4.03915295051644
4.39201587965984
4.29845074656171
3.36596818679176
2.69759680943831
2.41988579555387
2.47062614331859
3.0009973994297
3.75939423633768
4.36635666010838
5.35454046190584
5.2243774596445
5.03304329969333
4.94435780594582
4.84771169072945
4.54843420717167
4.82691251321607
5.03042646280971
6.21322674212055
6.8836568609647
7.61701873723405
7.32245571967986
7.05467835089684
7.09806488910427
6.89784188527409
6.76770397448868
7.03338804802776
6.22384767440292
5.88071588696029
5.65027064215108
6.05757112258746
6.47789507554153
7.03451982888739
7.51730877419482
8.33552232400691
9.55085911788039
9.64479760912508
9.87068982190511
10.410619891157
11.1984723424593
11.8383128183262
11.6734811941654
12.2169138852641
11.4479191465006
11.3575375051473
10.5556475375085
10.2869584735858
9.43757176138185
9.92868802963891
9.93775181822314
9.90969620664333
9.71335178186409
9.81558954925704
9.38240947960427
9.78399838848442
10.44041068548
10.6854076740312
10.5408665111534
10.6274393504739
10.386613840143
10.4542998299197
10.2450976058419
10.0674317518225
9.86964385229602
9.47577894738295
8.446053759575
8.38230091649437
9.12250660158316
9.23730258640316
9.62497694107323
8.95858814504769
8.75598468482649
8.52163356607471
8.30504198809687
8.37154181953667
8.00028162807904
8.20537459524428
8.72005302374747
8.23734522859507
8.31369124901695
7.47584908035889
6.32702517283902
6.17553996321935
5.65871583881015
4.39091152762547
3.3536793284894
3.53467356201108
4.15509857546203
4.54819696727897
5.45805384702648
6.25225995604823
6.00976816175842
6.1976209133009
6.24670511160235
6.47588705313899
6.17677021498662
5.33562108920816
5.81958063394147
5.26114655366194
5.25604171269709
4.69880850409552
4.3786385292131
4.36030465563402
4.35611504691075
5.21222414744776
5.14270328806042
4.65171341747455
4.89651903797355
5.25418478673807
4.97202915606261
4.64627751290648
5.56961518760305
5.99848576411749
5.98767700820308
5.96226537294488
5.60696884678998
5.55845014019278
6.22631972139779
5.93284845846922
5.7652629832676
5.20751720573987
4.76075396520797
4.33565647275143
3.70219571911135
3.2884332737101
2.9315783108912
2.59220434812487
2.17866768193671
1.39648566992207
1.1471623131069
1.2951380674906
1.5164585067723
0.527282827828182
0.371617591475995
0.0704452542617833
-0.469908869476235
-0.877590190082904
-0.815917208512685
-0.640576092172065
-0.216733927639503
0.0632535760084633
0.0776084244656216
0.252628116875971
0.265710161308012
-0.201105704128755
0.102449678793826
0.26237013112043
1.20142330352522
1.31267893504085
1.71275302901041
1.73188751260702
1.31173783638101
1.83725415055408
0.722084176905356
0.0773251260798911
-1.0098386934861
-1.64477684906046
-2.51028783951707
-3.32902723058815
-4.40908583271797
-4.19526158844623
-4.18319965898745
-3.43888946805134
-2.81671793798376
-2.79579712215622
-3.07601414984933
-4.32628466887224
-4.37623772843686
-4.34534959122129
-3.75223268987045
