-0.0883150791994229
-0.0373235106030394
-0.659515372830687
-0.268403022112206
-0.766920853076499
0.716829672235534
-0.666395539215716
-0.0197339272297185
-0.186720063435335
0.929910536443387
-1.58050400721351
1.24580565891937
-0.244949166474628
0.394100089803767
-0.421780880668027
0.687062464613165
-0.245797531822146
-0.117433178712737
0.249791585979422
0.0439164393192076
0.116388389973948
-0.218712507105401
0.47013101684722
-0.271078639060978
-0.0597832272830808
0.172411549384523
-0.0839859025883833
0.118559316796447
0.800323760304533
-0.364644857529657
1.08482659293061
0.190292787490206
0.325130964521339
1.26208308866282
-0.853209056851417
0.135193958887808
0.0302662381191063
-1.41514364519042
0.538914757278985
-0.0263361492654508
-0.649101169067135
0.317618310185034
0.783431790520648
-0.545965865483634
0.650053790578776
-0.380901462737585
-0.275662656610683
0.733935319762894
0.0759067498282282
0.530644279758334
0.980900610228159
-0.891873422902527
0.697838405115807
0.172912967739291
-0.874494860499991
0.269934846025996
-0.282211799256987
-0.318861481257701
0.566707845237248
-0.401008733336679
0.27099774689863
0.0895950577658656
-0.36749168713003
0.266052258301837
-0.682001463090327
-0.0686129290252177
0.858682918687886
-1.30357308661195
0.542656011982191
-0.0163993727468208
0.169184787082372
-0.495248646331421
-0.479109112423791
0.396389120913138
-0.02390274259262
-0.876679163514424
0.260784542193986
-0.14849009934808
-0.573589455269831
0.735939177750351
-0.731359192613841
-0.382606095683435
0.0995163929288122
-0.236975637670095
0.637576245132221
-0.348461546402291
1.62399248135859
-0.419399040078791
0.677810287153004
-0.0889452938623166
0.143038890959739
-0.549380865660278
-0.103201698978817
0.0935324564954403
0.293250090572864
-0.179706960423281
0.086996419197454
0.799707608765281
-0.505971140240202
1.11695383335782
0.605095501249525
0.788097433645934
0.941675531142616
-0.654701462617464
0.926300936817508
-0.566258820762465
0.210851250927345
-0.524873110888996
0.430304388368369
0.245976994793906
-0.489222515421432
-0.374408825448412
0.405910033324259
-0.926653571458462
0.670476932284769
-0.161052489537091
0.707274282401436
0.269844744806632
0.114579099935164
0.470479994494483
-0.851968726770347
0.588763482627866
0.441460027479499
0.229766143585493
0.515610327189616
0.525115821510008
0.26413322919961
0.314636377283838
0.322928941929968
0.746315366864833
-0.43979031004509
0.812058179828588
-0.532850894182408
0.262503520258054
-0.39290246446552
0.434521052963396
-0.637629082670556
0.399691871880333
0.0232930179355708
-0.641356974609958
0.35411505452174
0.196888029093302
-0.94038689115456
0.491585832267602
0.0870424978112599
0.762788639688956
-0.455612142084416
0.0571983362769987
0.934902776224508
-0.435375498021222
-0.0757810769613193
0.402804613889424
-0.288049294802244
0.718514458827616
0.101948002387738
-0.0323544661645476
0.183600265793816
0.443189606607836
-0.686394522726397
0.604218921911581
0.45999520666621
-0.834933842517493
0.714107698753654
-0.379866394698923
-0.136122642916971
-0.730623906040576
1.00102204041224
-0.478229230651564
0.385880009707232
0.990540343037607
0.216910263870808
-0.104645925566143
-0.547357949818279
1.2440149510063
-0.512104993955937
0.0933748140798026
0.910089582129921
-0.735111461011647
0.460540191818864
-0.86122468751856
0.309915032229245
-0.438457162494073
-0.254434615149443
-0.9466338770895
1.23785301269335
-0.846261676229869
1.18514867842572
0.0651311426159978
-0.410729845589192
-0.094733278006826
-0.411543900788862
0.337531160786344
0.144418511584739
0.427650693906027
0.297732862920298
-0.0793366706427156
0.108525527722021
-0.4033286116718
0.4778256272306
0.0536164118534799
0.295585996027312
-0.301268263659468
0.621318965192591
-0.019981774536496
0.764330450933543
-0.174688161236466
0.628359739842222
-0.237250564213702
-0.250738828225708
-0.296336821147802
0.321883097120878
-0.229433982917113
0.181856927568727
0.281028582857466
-0.879327418793723
0.967744796550579
-1.25895910149731
0.388048066853389
0.717259937504648
-0.447714739647178
0.134276846608967
0.298060717114168
-0.243536605714219
0.822526744949081
-0.0592486270674523
-0.31686293026448
1.34892564227976
-0.550039253998143
0.72142829811779
-0.769451684410198
0.34259260156759
0.0302952750851641
-0.219996238860665
0.0287770244421622
-0.646905138876939
-0.0723921296503344
-0.29339694625283
-0.46391007614748
-0.0823181898680431
-0.47502200322526
0.660722032667898
-0.752935928837596
0.523650677720404
0.616737908327224
-0.792555328137926
0.26007273722815
-0.0398987862227939
0.116203401379853
0.169110992172346
-0.621411231815731
0.659698603006368
-0.853133128991492
0.685257720433774
-0.325855174464195
1.09075206883465
-0.52865200257496
0.312989590113811
-0.875775966962001
0.0878584973155018
-0.604712117062159
0.409127642901287
-0.460984253707557
0.248835418754468
-0.225217912919077
0.31830405773869
-0.0558625452953775
-0.216655672306342
1.00743089079169
0.0398126031620957
-0.579863431715867
1.00691487744701
-0.883521577943597
0.724739076000384
0.102531460446817
0.180266227871515
0.230572690336081
0.0339349905120787
0.984165843354429
-0.792856795242608
0.96347530084382
-0.348011467064141
0.279693924243669
0.183212455107309
0.22274355922418
-0.302426627719781
-0.179441931916844
-0.64678991500331
0.27970281059227
-1.09911200383585
1.11491791320629
-1.26632768613315
0.437385653197943
0.344395257149459
-0.0179995493171271
-0.180526692575013
1.05622767656315
0.182364273374742
0.00930126677808858
0.783263145669225
-0.333113685775722
-0.339707072584113
-0.0500772753020989
0.0890163608317757
-0.457770775291017
-0.179609418099541
-0.59061144700151
0.979744971339507
-0.250716149177731
-0.31927425073962
-0.481399083724566
0.409627699475147
-0.132443375483012
-1.23873489954826
0.10102407478416
0.454021760601396
-0.845759568274844
0.181996725988095
-0.282635040714996
-0.31341229731045
-0.410816466727042
-0.182895713198171
-0.0989938768257045
-0.177641798945113
0.682293956019852
-0.257994073120044
0.929168850079072
-0.930518832370917
1.36352426913811
-1.35808471527986
1.13940713807199
-0.224027248723511
0.274452807428285
-0.170129630080685
-0.701303851398973
-0.0261609048307295
-0.289872154895396
-0.00222852197085979
0.413382505511382
0.402035027552329
0.311617760962743
0.886051845350686
-0.658916162419462
0.423766595727329
-0.14712078038603
-0.122926210883791
-0.249341776039778
0.471885165416717
-0.185787959822345
1.22747856354287
-0.19129630616433
0.879223565585387
-0.638672484970144
0.317382104977989
-0.0181332305950395
-0.355832648296115
0.0922223599888985
0.243803417211295
-1.07314027341028
0.481479573536723
-0.477531388957788
0.495065554257519
0.00253921302420584
0.495855987293663
0.234697949544272
0.709213511924875
0.77529497950656
-0.452579321583337
0.769484666883732
0.251508926601774
0.478762027250731
0.303021107650906
-0.276883093421956
0.952842195021692
-1.38901833038094
0.873126033578392
-1.26434491111255
0.422408215109369
-1.10336792006632
1.1176673452978
-0.857188229714221
0.374030324654587
-0.234762358579571
0.241256328809592
-0.628989430871404
0.835982122383335
0.0614310295017426
0.0192998056859412
-0.000905878220170075
0.260588302658952
-0.429883072968302
0.33180315862221
-0.419533655406025
0.062818963003556
-0.190314159377465
-0.313991797453055
-0.809321113300753
0.550409730653973
0.226544609031783
-0.376607368745339
0.748567611683234
-1.00757845635659
0.547614731450583
-0.524437666070612
-0.0607102716456855
0.126513889700865
-0.522777602364687
0.571240882222236
0.118870462652044
-0.721274631809031
0.743631763078416
-1.25802524993495
-0.367577007994704
0.254561902444425
-0.971821608456539
-0.790144909913949
-0.31263272153518
0.319868662914957
0.0244438891619091
0.145381268052546
0.943198952839112
0.218422263498016
-0.385010836553978
0.735539173621448
-0.353910904224346
0.33536262605009
-0.478371993859048
-0.470972857105276
0.946469180357211
-1.40991041838269
0.845573282078845
-0.953544322536393
0.197942288257649
-0.095848665303824
-0.106398011628247
0.891683409977299
-0.754446832117732
0.0788578744238524
0.480310272762788
-0.123387353968902
-0.355121224858591
0.0815235518755861
0.966360734732998
-0.467159538995316
0.244073859518061
0.115907129297948
-0.399349999326425
0.22193071522024
0.496937201549681
-0.80891312081998
0.474463309254864
-0.689922548586258
-0.0614992831353222
-0.379710327395443
-0.48614502402775
-0.101739300491294
-0.348533297200324
-0.216630258010542
-0.300292543537272
-0.606801636743362
0.174115738057105
-0.0660473174375445
0.0589403933076127
-1.04378792456921
0.748490843530331
-0.800023814801965
-0.259276679120505
-0.135086617037236
0.104263829336662
-0.0456582545749243
0.375610038684099
0.0377925893143085
0.0209990935523391
0.274309623621507
-0.156119113414419
-0.374207590077907
0.661229643455823
-0.364779449271848
1.05627018213102
-0.585014611706783
0.852912231135828
-0.360943590944296
-0.210432316976184
0.81910674262596
-1.79025598600833
0.619406922887866
-1.31140326550822
-0.00151458397425991
-0.922816285875287
-0.360526376408994
-0.858657032544389
0.703471475044601
-0.696502809441915
1.00876310521966
0.00509426201727092
-0.0318586541417876
-0.0241326380909731
-1.09753756393102
0.779308828901125
-0.641482427807911
0.707221075907707
